Python 3.7.1 (v3.7.1:260ec2c36a, Oct 20 2018, 14:05:16) [MSC v.1915 32 bit (Intel)] on win32
Type "help", "copyright", "credits" or "license()" for more information.
>>> 
========== RESTART: C:\Users\Yeeey\Desktop\Face\face_recognition.py ==========
name: dhika vertikal
position: kanan
dhika vertikal
kanan
start time : 2020-02-18 10:54:12.375257
start time : 2020-02-18 10:54:13.500273
end :2020-02-18 10:54:13.500273
start time : 2020-02-18 10:54:13.640882
end :2020-02-18 10:54:13.656507
start time : 2020-02-18 10:54:13.797136
end :2020-02-18 10:54:13.797136
start time : 2020-02-18 10:54:13.969012
end :2020-02-18 10:54:13.969012
start time : 2020-02-18 10:54:14.125266
Result: Agi - FALSE
10.69
end :2020-02-18 10:54:14.187768
start time : 2020-02-18 10:54:14.359644
Result: Agi - FALSE
14.03
end :2020-02-18 10:54:14.469072
start time : 2020-02-18 10:54:14.609646
end :2020-02-18 10:54:14.609646
start time : 2020-02-18 10:54:14.750274
end :2020-02-18 10:54:14.765900
start time : 2020-02-18 10:54:14.906526
end :2020-02-18 10:54:14.906526
start time : 2020-02-18 10:54:15.047153
end :2020-02-18 10:54:15.047153
start time : 2020-02-18 10:54:15.187780
end :2020-02-18 10:54:15.187780
start time : 2020-02-18 10:54:15.328408
end :2020-02-18 10:54:15.437786
start time : 2020-02-18 10:54:15.609663
Result: Agi - FALSE
6.25
end :2020-02-18 10:54:15.672222
start time : 2020-02-18 10:54:15.828413
end :2020-02-18 10:54:15.844057
start time : 2020-02-18 10:54:16.000292
end :2020-02-18 10:54:16.015918
start time : 2020-02-18 10:54:16.172169
end :2020-02-18 10:54:16.172169
start time : 2020-02-18 10:54:16.328422
end :2020-02-18 10:54:16.328422
start time : 2020-02-18 10:54:16.484676
end :2020-02-18 10:54:16.484676
start time : 2020-02-18 10:54:16.640926
end :2020-02-18 10:54:16.640926
start time : 2020-02-18 10:54:16.812804
end :2020-02-18 10:54:16.812804
start time : 2020-02-18 10:54:16.969054
end :2020-02-18 10:54:16.984681
start time : 2020-02-18 10:54:17.140933
end :2020-02-18 10:54:17.156559
start time : 2020-02-18 10:54:17.312811
Result: Agi - FALSE
7.95
end :2020-02-18 10:54:17.375350
start time : 2020-02-18 10:54:17.515940
Result: Futuhul - FALSE
13.37
end :2020-02-18 10:54:17.578458
start time : 2020-02-18 10:54:17.719067
end :2020-02-18 10:54:17.719067
start time : 2020-02-18 10:54:17.875319
Result: Agi - FALSE
13.5
end :2020-02-18 10:54:17.937821
start time : 2020-02-18 10:54:18.078447
Result: Futuhul - FALSE
7.9
end :2020-02-18 10:54:18.140964
start time : 2020-02-18 10:54:18.281576
end :2020-02-18 10:54:18.297204
start time : 2020-02-18 10:54:18.453453
end :2020-02-18 10:54:18.453453
start time : 2020-02-18 10:54:18.625331
end :2020-02-18 10:54:18.625331
start time : 2020-02-18 10:54:18.781583
end :2020-02-18 10:54:18.781583
start time : 2020-02-18 10:54:18.937836
end :2020-02-18 10:54:18.937836
start time : 2020-02-18 10:54:19.094088
end :2020-02-18 10:54:19.094088
start time : 2020-02-18 10:54:19.265964
end :2020-02-18 10:54:19.265964
start time : 2020-02-18 10:54:19.437841
end :2020-02-18 10:54:19.437841
start time : 2020-02-18 10:54:19.594097
end :2020-02-18 10:54:19.609720
start time : 2020-02-18 10:54:19.750347
Result: Agi - FALSE
6.64
end :2020-02-18 10:54:19.812862
start time : 2020-02-18 10:54:19.953473
end :2020-02-18 10:54:19.953473
start time : 2020-02-18 10:54:20.109727
end :2020-02-18 10:54:20.109727
start time : 2020-02-18 10:54:20.265980
end :2020-02-18 10:54:20.265980
start time : 2020-02-18 10:54:20.422231
end :2020-02-18 10:54:20.422231
start time : 2020-02-18 10:54:20.578484
end :2020-02-18 10:54:20.578484
start time : 2020-02-18 10:54:20.734736
end :2020-02-18 10:54:20.750360
start time : 2020-02-18 10:54:20.890987
Result: Agi - FALSE
13.97
end :2020-02-18 10:54:20.969128
start time : 2020-02-18 10:54:21.125366
end :2020-02-18 10:54:21.140993
start time : 2020-02-18 10:54:21.297243
end :2020-02-18 10:54:21.297243
start time : 2020-02-18 10:54:21.453495
end :2020-02-18 10:54:21.453495
start time : 2020-02-18 10:54:21.625374
end :2020-02-18 10:54:21.625374
start time : 2020-02-18 10:54:21.781626
end :2020-02-18 10:54:21.781626
start time : 2020-02-18 10:54:21.953504
end :2020-02-18 10:54:21.953504
start time : 2020-02-18 10:54:22.109756
end :2020-02-18 10:54:22.125380
start time : 2020-02-18 10:54:22.281632
end :2020-02-18 10:54:22.281632
start time : 2020-02-18 10:54:22.437884
end :2020-02-18 10:54:22.437884
start time : 2020-02-18 10:54:22.594137
end :2020-02-18 10:54:22.594137
start time : 2020-02-18 10:54:22.750390
end :2020-02-18 10:54:22.750390
start time : 2020-02-18 10:54:22.906642
end :2020-02-18 10:54:22.906642
start time : 2020-02-18 10:54:23.062895
end :2020-02-18 10:54:23.062895
start time : 2020-02-18 10:54:23.219147
end :2020-02-18 10:54:23.219147
start time : 2020-02-18 10:54:23.375399
Result: Fathan - FALSE
11.21
end :2020-02-18 10:54:23.437939
start time : 2020-02-18 10:54:23.594152
Result: Futuhul - FALSE
20.89
end :2020-02-18 10:54:23.656691
>>> 
